8
9
11
12
13
17
18
19
20
21
22
23
24
25
26
27
28
29
30
31
32
33
35
36
37
38
39
40
42
43
44
53
55
56
58
59
60
61
62
73
74
75
76
78
79
80
81
82
83
84
85
86
87
88
90
91
92
93
95
96
97
98
99
100
102
105
107
108
110
111
112
113
114
115
116
117
118
119
120
121
123
124
125
126
127
128
129
130
131
132
133
134
135
136
137
138
139
140
141
142
143
145
146
147
148
149
150
151
152
153
154
155
156
157
159
160
162
164
165
166
167
169
171
172
173
174
175
176
177
178
179
180
181
182
183
184
185
188
189
190
191
192
193
194
195
196
197
198
199
200
201
202
204
206
207
211
212
213
214
215
217
218
220
221
222
224
225
226
227
228
229
230
231
232
233
234
235
236
237
238
239
240
241
242
243
244
246
247
249
250
251
252
253
254
256
257
258
259
260
261
262
263
264
265
266
267
269
270
271
272
273
274
279
282
283
284
285
287
288
289
290
292
293
294
295
296
297
298
299
301
302
303
304
305
306
307
308
309
310
311
312
313
314
315
317
318
320
322
324
325
326
327
328
329
331
332
334
335
336
337
338
339
340
341
342
343
344
346
349
351
352
353
354
355
356
357
358
359
360
361
362
363
364
365
366
369
371
372
373
374
375
376
377
378
379
380
381
382
383
384
385
387
388
389
390
391
392
393
394
395
396
398
399
400
401
402
403
404
405
406
407
408
409
410
411
412
413
414
415
416
417
419
420
421
422
423
424
426
427
428
429
430
431
433
434
435
436
437
438
440
441
442
443
444
445
446
447
448
449
450
451
453
454
456
457
458
459
460
461
462
464
465
466
467
468
469
472
473
474
476
477
478
479
480
481
482
483
485
487
488
491
492
493
494
495
496
497
498
499
500
501
502
505
506
507
508
509
510
511
512
513
514
519
520
521
523
524
525
526
527
528
529
530
531
532
533
534
537
538
539
541
542
544
545
546
547
548
549
550
551
552
553
554
555
556
557
558
559
560
561
562
563
564
566
567
568
569
570
571
572
573
574
575
576
577
578
579
580
581
582
583
585
586
587
588
589
590
591
592
593
594
595
597
598
599
600
601
602
603
605
606
607
608
609
610
611
612
613
614
615
616
617
618
619
620
622
623
624
625
626
627
628
629
630
631
632
633
634
635
636
637
638
639
640
641
642
643
644
645
647
648
649
650
651
652
653
654
655
656
658
660
661
662
664
665
666
667
668
669
670
671
672
673
675
680
681
682
683
684
685
686
687
688
691
692
693
694
695
696
697
698
700
701
703
705
708
709
710
711
712
713
714
715
716
717
718
720
721
722
723
724
725
726
727
728
729
730
731
732
733
734
735
738
739
742
746
747
749
751
752
753
754
755
757
758
759
760
761
764
765
766
767
768
769
770
771
772
773
774
775
776
777
778
780
781
782
784
785
786
788
789
790
791
792
793
794
795
796
797
798
799
800
801
802
803
804
805
806
807
808
809
810
811
813
814
815
816
817
818
819
820
821
822
824
825
826
827
828
829
830
831
832
833
834
835
836
838
839
840
841
842
843
844
845
846
847
848
849
850
851
852
853
854
855
856
857
858
860
861
862
863
864
866
868
869
870
871
872
873
874
875
877
878
879
880
881
882
883
884
885
886
887
888
889
890
891
893
895
896
897
898
899
900
901
902
903
904
905
906
907
908
909
910
911
912
913
914
915
916
917
918
919
921
922
924
925
926
927
928
929
931
932
934
935
936
937
938
939
940
941
942
944
945
946
947
949
950
951
952
953
954
955
956
957
958
959
960
961
962
963
964
965
966
967
968
969
970
971
972
973
975
976
977
978
979
980
981
982
983
984
985
986
987
988
989
990
991
992
994
995
996
997
998
999
1000
1001
1002
1003
1004
1005
1006
1007
1008
1009
1010
1011
1012
1013
1015
1016
1017
1018
1019
1020
1021
1023
1025
1026
1027
1028
1029
1030
1032
1033
1034
1036
1037
1038
1039
1040
1041
1042
1043
1044
1046
1047
1048
1049
1050
1051
1052
1053
1054
1056
1057
1059
1060
1061
1062
1063
1064
1065
1066
1067
1068
1069
1070
1071
1072
1073
1074
1075
1076
1077
1078
1079
1080
1081
1082
1083
1084
1085
1087
1088
1089
1090
1091
1092
1093
1094
1095
1096
1097
1098
1099
1101
1102
1103
1104
1105
1106
1107
1108
1109
1110
1111
1112
1113
1114
1115
1116
1117
1118
1119
1120
1121
1122
1123
1124
1125
1126
1127
1128
1129
1130
1131
1132
1133
1134
1135
1136
1137
1138
1139
1140
1141
1142
1143
1144
1145
1146
1148
1149
1150
1151
1152
1153
1154
1155
1156
1157
1158
1159
1160
1161
1162
1163
1164
1165
1166
1167
1168
1169
1170
1171
1172
1173
1174
1175
1176
1177
1178
1180
1181
1182
1183
1184
1185
1186
1187
1189
1190
1191
1194
1195
1196
1197
1198
1199
1200
1201
1202
1203
1204
1205
1206
1209
1210
1211
1212
1213
1214
1215
1216
1217
1218
1219
1220
1221
1222
1223
1224
1225
1226
1227
1228
1229
1230
1231
1232
1233
1234
1235
1236
1237
1238
1239
1240
1242
1243
1244
1245
1246
1247
1248
1249
1250
1251
1252
1253
1254
1255
1256
1257
1258
1259
1260
1261
1262
1263
1264
1265
1266
1267
1268
1269
1270
1271
1272
1273
1274
1275
1276
1277
1278
1279
1280
1281
1282
1283
1284
1285
1287
1288
1289
1290
1291
1292
1293
1294
1295
1296
1297
1298
1299
1300
1301
1302
1303
1304
1305
1306
1307
1308
1309
1310
1311
1312
1313
1314
1315
1317
1318
1319
1320
1321
1322
1323
1324
1325
1327
1328
1329
1330
1331
1333
1335
1336
1337
1338
1339
1340
1341
1342
1343
1344
1345
1346
1347
1348
1349
1350
1351
1353
1354
1355
1356
1357
1358
1359
1360
1361
1362
1363
1364
1365
1366
1367
1368
1369
1370
1371
1372
1373
1374
1375
1376
1377
1378
1379
1380
1381
1382
1383
1384
1385
1386
1387
1388
1389
1390
1391
1392
1393
1394
1395
1396
1397
1398
1399
1400
1401
1402
1403
1404
1405
1406
1407
1408
1409
1410
1425
1426
1427
1428
1429
1430
1431
1432
1433
1434
1435
1436
1437
1438
1439
1440
1441
1442
1443
1444
1445
1446
1447
1448
1449
1450
1451
1452
1453
1454
1455
1456
1457
1458
1459
1460
1461
1462
1463
1464
1465
1467
1468
1469
1470
1471
1472
1473
1474
1475
1476
1477
1478
1479
1485
1486
1487
1488
1489
1490
1491
1492
1493
1494
1495
1496
1497
1498
1499
1500
1501
1502
1503
1504
1505
1506
1507
1508
1509
1510
1511
1512
1525
1526
1527
1528
1529
1530
1531
1532
1533
1534
1535
1536
1537
1538
1539
1540
1541
1542
1543
1544
1545
1546
1547
1548
1549
1550
1551
1552
1554
1555
1556
1557
1558
1560
1561
1562
1563
1564
1565
1566
1567
1568
1569
1570
1571
1572
1573
1574
1575
1577
1578
1579
1580
1581
1582
1583
1584
1586
1587
1605
1606
1608
1609
1610
1611
1612
1625
1626
1627
1628
1629
1630
1631
1632
1633
1634
1635
1636
1637
1638
1639
1640
1643
1644
1646
1647
1648
1650
1651
1652
1653
1654
1655
1656
1657
1658
1659
1660
1661
1662
1663
1664
1665
1666
1667
1668
1669
1670
1671
1672
1673
1675
1676
1677
1678
1679
1680
1681
1682
1683
1684
1685
1687
1688
1689
1690
1691
1692
1693
1694
1696
1697
1698
1699
1700
1701
1702
1703
1704
1705
1706
1707
1708
1709
1710
1711
1712
1713
1714
1715
1716
1719
1720
1721
1722
1723
1724
1725
1726
1727
1728
1729
1730
1732
1733
1734
1735
1736
1737
1738
1739
1740
1742
1743
1744
1745
1766
1767
1785
1786
1787
1788
1789
1790
1791
1792
1793
1794
1795
1796
1797
1798
1800
1801
1802
1803
1804
1805
1806
1808
1809
1811
1812
1813
1814
1815
1816
1817
1818
1819
1820
1821
1822
1823
1824
1825
1826
1827
1828
1829
1830
1831
1832
1833
1834
1835
1836
1837
1838
1839
1840
1841
1842
1843
1844
1845
1846
1848
1849
1850
1851
1852
1853
1854
1855
1856
1857
1858
1859
1860
1861
1862
1863
1864
1865
1866
1867
1868
1869
1870
1871
1872
1873
1874
1875
1876
1877
1878
1879
1880
1881
1882
1883
1884
1885
1886
1887
1888
1889
1890
1891
1892
1893
1894
1895
1896
1897
1898
1900
1901
1902
1904
1905
1906
1907
1908
1909
1910
1911
1912
1913
1914
1915
1916
1917
1918
1919
1920
1922
1923
1924
1925
1926
1927
1928
1929
1931
1932
1933
1935
1937
1938
1939
1940
1941
1942
1943
1944
1945
1946
1947
1948
1949
1950
1951
1952
1953
1954
1956
1957
1958
1959
1960
1961
1962
1963
1964
1965
1966
1967
1968
1969
1970
1971
1972
1973
1975
1976
1977
1978
1979
1980
1981
1982
1983
1984
1985
1986
1987
1988
1989
1990
1991
1992
1993
1994
1995
1996
1997
1998
1999
2001
2002
2003
2004
2005
2006
2007
2008
2011
2012
2013
2015
2016
2017
2018
2019
2020
2025
2026
2027
2028
2029
2031
2032
2033
2034
2035
2036
2038
2039
2040
2041
2042
2043
2044
2045
2046
2047
2048
2049
2050
2051
2052
2053
2054
2055
2056
2057
2058
2059
2060
2061
2062
2063
2064
2065
2066
2067
2068
2069
2070
2071
2072
2073
2075
2076
2077
2078
2079
2080
2081
2082
2083
2084
2086
2087
2088
2089
2090
2091
2093
2094
2095
2096
2097
2098
2099
2100
2101
2102
2103
2104
2105
2106
2108
2109
2110
2111
2112
2113
2114
2115
2116
2117
2118
2119
2120
2121
2122
2123
2124
2125
2126
2127
2128
2129
2130
2131
2132
2133
2134
2135
2136
2137
2138
2139
2140
2141
2142
2143
2144
2145
2146
2147
2148
2149
2150
2151
2152
2153
2154
2155
2157
2158
2159
2160
2161
2162
2163
2164
2165
2166
2167
2168
2169
2170
2171
2172
2173
2174
2175
2176
2177
2179
2180
2181
2182
2183
2184
2185
2186
2187
2188
2189
2190
2191
2193
2194
2195
2196
2197
2198
2199
2200
2201
2202
2203
2204
2205
2206
2207
2208
2209
2210
2211
2212
2213
2214
2215
2216
2217
2218
2219
2220
2221
2222
2223
2224
2225
2226
2227
2228
2229
2230
2231
2232
2233
2234
2235
2236
2237
2238
2240
2241
2242
2243
2244
2245
2246
2247
2248
2249
2250
2251
2252
2253
2254
2256
2257
2258
2260
2261
2262
2263
2264
2266
2267
2268
2269
2270
2272
2273
2274
2275
2276
2277
2278
2279
2280
2281
2282
2283
2284
2285
2286
2287
2288
2289
2290
2291
2292
2293
2294
2295
2296
2297
2298
2299
2300
2301
2302
2303
2304
2305
2306
2307
2308
2309
2310
2311
2312
2313
2314
2315
2316
2317
2318
2319
2320
2321
2322
2323
2324
2325
2328
2329
2330
2331
2332
2333
2334
2335
2336
2337
2338
2339
2340
2341
2342
2343
2344
2345
2346
2347
2348
2349
2350
2351
2352
2353
2354
2355
2357
2358
2359
2360
2361
2362
2363
2364
2365
2366
2367
2368
2369
2370
2371
2372
2373
2374
2375
2376
2377
2378
2379
2380
2381
2382
2383
2384
2385
2386
2387
2388
2389
2390
2391
2392
2393
2394
2395
2396
2403
2404
2405
2406
2407
2408
2409
2410
2411
2412
2413
2414
2415
2416
2417
2418
2421
2422
2423
2424
2425
2426
2427
2428
2429
2431
2432
2433
2434
2435
2436
2437
2438
2439
2440
2441
2442
2443
2444
2445
2446
2447
2448
2449
2450
2453
2454
2455
2456
2457
2458
2459
2460
2461
2462
2463
2464
2465
2466
2467
2468
2469
2470
2471
2472
2473
2474
2475
2476
2483
2484
2485
2486
2487
2488
2489
2490
2491
2492
2493
2494
2495
2496
2497
2498
2499
2500
2501
2504
2505
2506
2507
2508
2509
2510
2511
2512
2513
2514
2515
2516
2518
2519
2520
2521
2522
2523
2524
2525
2526
2527
2528
2530
2531
2533
2534
2535
2536
2537
2538
2539
2540
2541
2542
2543
2544
2545
2546
2547
2548
2549
2550
2551
2552
2554
2555
2556
2558
2559
2560
2561
2562
2563
2564
2565
2566
2567
2568
2569
2570
2571
2572
2573
2574
2575
2576
2577
2578
2579
2580
2581
2582
2583
2584
2585
2586
2587
2588
2589
2590
2591
2592
2593
2594
2595
2596
2597
2598
2599
2600
2602
2603
2604
2605
2606
2607
2608
2610
2611
2623
2643
2663
2664
2665
2685
2687
2703
2704
2725
2726
2743
2744
2783
2785
2803
2823
2824
2843
2844
2845
2846
2863
2864
2865
2883
2884
2903
2923
2924
2925
2926
2943
2944
2963
2964
2983
2985
3003
3004
3005
3006
3023
3043
3063
3083
3084
3085
3103
3143
3163
3183
3184
3203
3243
3263
3283
3323
3343
3344
3345
3363
3364
3365
3366
3367
3368
3369
3383
3384
3403
3423
3424
3443
3444
3445
3446
3447
3448
3449
3463
3464
3465
3483
3503
3523
3543
3563
3564
3565
3566
3583
3603
3604
3623
3624
3625
3626
3643
3663
3664
3683
3703
3704
3723
3743
3763
3764
3765
3783
3803
3804
3805
3823
3843
3863
3883
3903
3904
3923
3924
3925
3943
3944
3946
3947
3948
3949
3950
3951
3963
3983
4003
4004
4005
4006
4023
4024
4025
4026
4043
4064
4065
4083
4103
4104
4105
4106
4123
4124
4125
4143
4163
4183
4203
4204
4223
4224
4243
4244
4245
4246
4263
4285
4286
4287
4303
4304
4323
4324
4325
4326
4327
4328
4343
4363
4383
4423
4424
4443
4463
4464
4483
4486
4503
4523
4543
4544
4563
4583
4584
4603
4623
4643
4663
4664
4683
4704
4723
4725
4763
4783
4784
4803
4823
4843
4863
4864
4883
4903
4923
4924
4925
4963
4983
4984
4985
4986
5003
5023
5043
5044
5045
5083
5084
5104
5105
5106
5143
5145
5163
5183
5204
5223
5263
5264
5283
5284
5285
5286
5287
5303
5305
5306
5307
5308
5344
5383
5384
5385
5403
5423
5443
5464
5466
5483
5484
5485
5503
5504
5505
5523
5524
5525
5543
5544
5545
5546
5547
5548
5563
5583
5584
5603
5604
5605
5606
5607
5608
5609
5623
5624
5625
5626
5627
5628
5629
5631
5632
5634
5635
5643
5644
5645
5646
5647
5648
5649
5650
5651
5663
5664
5683
5684
5685
5686
5703
5704
5705
5707
5709
5723
5743
5744
5763
5783
5784
5823
5843
5863
5864
5865
5883
5884
5903
5904
5905
5923
5924
5944
5963
5983
5984
6003
6004
6024
6025
6043
6063
6083
6084
6085
6124
6125
6126
6143
6163
6183
6203
6224
6244
6283
6303
6343
6363
6364
6365
6366
6383
6384
6385
6386
6403
6423
6443
6463
6483
6484
6523
6543
6563
6583
6623
6625
6643
6663
6664
6665
6666
6667
6683
6685
6686
6703
6704
6723
6724
6743
6763
6783
6784
6785
6786
6787
6803
6804
6805
6806
6823
6843
6844
6845
6846
6847
6848
6863
6864
6865
6883
6884
6904
6923
6924
6943
6983
7003
7004
7005
7023
7043
7044
7045
7063
7064
7065
7066
7069
7070
7071
7083
7084
7085
7103
7104
7106
7107
7123
7124
7125
7126
7128
7129
7132
7133
7134
7135
7136
7137
7138
7143
7145
7146
7163
7184
7185
7203
7204
7205
7223
7226
7227
7243
7244
7246
7247
7263
7283
7284
7303
7304
7305
7306
7323
7324
7325
7343
7383
7384
7404
7405
7406
7423
7424
7444
7463
7464
7485
7503
7523
7525
7543
7583
7584
7585
7605
7623
7643
7703
7704
7705
7706
7707
7708
7709
7710
7743
7744
7745
7746
7747
7763
7783
7784
7785
7786
7787
7788
7803
7804
7805
7806
7807
7823
7824
7843
7863
7864
7883
7885
7903
7904
7923
7925
7943
8003
8023
8025
8043
8044
8064
8083
8103
8104
8106
8123
8124
8143
8144
8183
8184
8203
8204
8205
8207
8243
8244
8245
8263
8264
8265
8266
8283
8284
8285
8303
8304
8305
8306
8307
8308
8311
8323
8324
8325
8326
8327
8328
8329
8330
8331
8332
8333
8334
8336
8343
8344
8345
8346
8363
8364
8365
8366
8367
8368
8369
8383
8384
8385
8386
8403
8404
8423
8424
8425
8426
8427
8428
8445
8463
8464
8465
8483
8503
8504
8505
8506
8523
8543
8544
8563
8564
8565
8623
8624
8643
8644
8645
8646
8647
8648
8649
8650
8651
8664
8703
8723
8724
8743
8764
8783
8803
8824
8843
8863
8864
8883
8885
8886
8903
8904
8905
8923
8943
8944
8945
8964
8965
8983
9004
9023
9024
9043
9063
9065
9066
9067
9083
9103
9123
9124
9143
9144
9163
9165
9183
9204
9223
9224
9225
9243
9244
9245
9246
9263
9264
9265
9266
9267
9283
9284
9285
9286
9303
9323
9324
9325
9326
9327
9328
9329
9330
9331
9332
9343
9344
9345
9346
9347
9348
9349
9350
9351
9363
9364
9366
9367
9383
9384
9385
9403
9404
9423
9424
9443
9444
9483
9484
9485
9486
9487
9488
9489
9503
9504
9505
9506
9523
9543
9563
9583
9584
9603
9663
9683
9684
9703
9723
9724
9725
9726
9727
9728
9729
9743
9745
9746
9747
9763
9765
9783
9804
9823
9863
9883
9903
9943
9963
9964
9965
9983
9984
9985
9986
9987
10003
10023
10024
10025
10046
10063
10064
10065
10083
10103
10104
10105
10107
10108
10124
10143
10144
10164
10184
10203
10223
10225
10243
10244
10245
10263
10264
10266
10303
10323
10325
10326
10343
10363
10384
10403
10404
10405
10406
10423
10444
10445
10463
10464
10503
10523
10524
10525
10543
10544
10545
10546
10563
10583
10603
10623
10643
10663
10664
10666
10684
10685
10686
10705
10706
10707
10708
10709
10723
10724
10725
10745
10763
10765
10803
10843
10864
10865
10883
10903
10904
10905
10923
10924
10925
10926
10943
10965
10966
10983
11003
11023
11043
11044
11045
11064
11083
11103
11123
11143
11163
11164
11165
11183
11203
11223
11224
11225
11226
11243
11263
11283
11303
11304
11306
11323
11324
11344
11363
11383
11384
11403
11404
11423
11424
11425
11426
11427
11428
11429
11430
11443
11444
11445
11446
11452
11453
11454
11463
11464
11465
11466
11483
11484
11485
11486
11487
11488
11503
11504
11543
11544
11545
11546
11547
11548
11549
11563
11564
11565
11566
11567
11583
11584
11603
11604
11605
11623
11644
11663
11664
11665
11666
11667
11668
11669
11670
11672
11673
11683
11684
11686
11723
11743
11763
11764
11783
11803
11804
11805
11823
11843
11844
11845
11846
11847
11848
11863
11864
11865
11866
11883
11884
11885
11903
11923
11944
11946
11947
11948
11963
11964
11965
11984
11985
11986
12003
12004
12005
12023
12024
12025
12043
12064
12065
12066
12067
12103
12104
12127
12143
12183
12203
12204
12223
12243
12245
12263
12283
12303
12325
12343
12344
12364
12384
12404
12424
12426
12444
12464
12484
12504
12505
12506
12507
12524
12544
12545
12546
12564
12565
12566
12584
12604
12606
12607
12608
12609
12610
12611
12612
12624
12644
12645
12664
12665
12666
12684
12704
12705
12706
12724
12725
12726
12727
12728
12730
12744
12745
12764
12784
12785
12804
12806
12824
12844
12846
12864
12865
12884
12887
12904
12905
12906
12944
12945
12970
12985
13004
13024
13025
13026
13044
13045
13047
13048
13049
13050
13051
13052
13065
13068
13069
13084
13105
13106
13107
13108
13109
13110
13111
13112
13113
13114
13115
13116
13117
13124
13144
13165
13184
13185
13186
13187
13188
13189
13190
13204
13225
13226
13264
13265
13266
13267
13268
13269
13270
13304
13324
13325
13326
13327
13328
13344
13345
13364
13365
13385
13404
13426
13444
13445
13464
13465
13484
13504
13505
13506
13507
13524
13544
13545
13564
13584
13604
13624
13625
13645
13664
13666
13684
13705
13706
13764
13765
13766
13784
13804
13805
13845
13846
13864
13865
13885
13886
13887
13924
13944
13945
13946
13964
13984
13985
13986
13987
13988
14004
14024
14025
14026
14044
14045
14064
14084
14085
14086
14087
14088
14089
14090
14104
14127
14145
14165
14185
14186
14204
14224
14225
14226
14244
14264
14265
14284
14305
14306
14307
14324
14345
14346
14348
14364
14365
14384
14404
14405
14464
14466
14467
14468
14484
14485
14486
14504
14525
14544
14564
14565
14566
14584
14585
14604
14624
14625
14626
14627
14628
14629
14646
14664
14684
14704
14705
14724
14764
14765
14785
14786
14804
14805
14806
14864
14865
14866
14867
14868
14869
14870
14871
14884
14904
14944
14946
14948
14949
14964
14965
15004
15024
15025
15031
15044
15045
15046
15047
15048
15065
15104
15124
15164
15165
15166
15167
15184
15204
15244
15245
15246
15247
15265
15268
15292
15294
15295
15324
15325
15344
15365
15384
15385
15386
15387
15388
15389
15404
15444
15464
15465
15466
15487
15527
15544
15545
15547
15564
15591
15605
15624
15625
15626
15644
15645
15646
15647
15648
15667
15668
15669
15670
15671
15672
15684
15685
15706
15707
15708
15724
15764
15784
15785
15786
15787
15788
15789
15804
15805
15806
15807
15809
15824
15825
15826
15844
15864
15865
15866
15905
15924
15944
15945
15946
15947
15948
15984
15985
16004
16024
16025
16044
16045
16084
16104
16184
16185
16186
16205
16244
16245
16246
16264
16265
16266
16267
16304
16305
16306
16324
16344
16384
16385
16386
16424
16444
16464
16465
16466
16467
16484
16485
16487
16504
16544
16545
16547
16548
16549
16550
16565
16566
16567
16568
16569
16570
16604
16605
16606
16625
16644
16645
16646
16647
16648
16649
16664
16665
16684
16704
16705
16706
16707
16744
16764
16765
16766
16784
16804
16805
16806
16844
16845
16846
16847
16848
16849
16864
16865
16866
16867
16868
16884
16904
16944
16945
16947
16964
16965
16985
17004
17005
17006
17007
17008
17009
17010
17011
17044
17064
17084
17085
17086
17104
17105
17124
17125
17144
17145
17146
17147
17148
17164
17165
17169
17184
17185
17188
17204
17205
17224
17246
17264
17265
17284
17304
17305
17306
17307
17308
17309
17310
17344
17364
17365
17366
17384
17404
17424
17444
17464
17465
17466
17467
17468
17469
17470
17471
17472
17473
17476
17477
17478
17479
17480
17481
17482
17483
17484
17504
17505
17544
17545
17546
17564
17584
17604
17605
17624
17664
17665
17666
17684
17724
17726
17744
17745
17746
17764
17784
17785
17786
17787
17804
17824
17844
17864
17865
17884
17885
17904
17905
17924
17925
17926
17964
17984
17985
17986
17987
18004
18025
18026
18027
18045
18064
18084
18085
18104
18105
18106
18107
18108
18144
18145
18164
18184
18205
18206
18224
18225
18244
18245
18264
18284
18285
18286
18324
18344
18364
18366
18384
18404
18424
18425
18426
18427
18444
18464
18484
18504
18524
18544
18566
18581
18582
18583
18584
18604
18605
18606
18624
18644
18664
18665
18684
18685
18686
18687
18704
18705
18707
18708
18709
18710
18724
18727
18744
18764
18765
18767
18768
18769
18770
18771
18772
18773
18774
18775
18784
18785
18786
18824
18847
18864
18884
18904
18905
18925
18944
18946
18947
18964
18965
18966
18967
19004
19005
19024
19025
19026
19027
19028
19029
19044
19045
19046
19064
19084
19104
19124
19125
19144
19145
19164
19184
19204
19205
19224
19225
19226
19244
19245
19264
19284
19285
19304
19344
19364
19384
19385
19386
19387
19404
19405
19406
19407
19424
19425
19444
19464
19484
19504
19505
19524
19525
19526
19544
19564
19584
19604
19624
19644
19645
19664
19685
19686
19687
19688
19689
19704
19724
19744
19765
19766
19767
19768
19784
19785
19804
19824
19825
19844
19846
19848
19864
19865
19884
19885
19904
19905
19906
19924
19925
19926
19944
19945
19964
19965
19984
19985
19986
20004
20024
20044
20045
20046
20047
20048
20049
20050
20052
20064
20065
20066
20067
20068
20069
20070
20084
20104
20105
20124
20144
20145
20164
20184
20185
20204
20224
20225
20226
20244
20245
20264
20265
20267
20268
20269
20271
20284
20285
20286
20287
20288
20289
20304
20305
20306
20307
20324
20325
20326
20344
20345
20346
20364
20365
20366
20367
20368
20369
20370
20384
20385
20386
20387
20388
20389
20390
20391
20404
20405
20425
20426
20427
20428
20429
20430
20431
20432
20433
20434
20435
20436
20437
20438
20439
20440
20441
20442
20443
20444
20445
20446
20447
20448
20449
20450
20451
20452
20455
20456
20457
20458
20459
20460
20461
20462
20463
7-1001
7-1002
7-1003
7-1004
7-1006
7-1015
7-1018
7-1020
7-1101
7-1102
7-1104
7-1105
7-1106
7-1147
7-1206
7-1307
7-1336
7-1337
7-1339
7-1356
7-1359
7-1361
7-1372
7-1373
7-1374
7-1399
7-1404
7-2001
7-2004
7-2010
7-2012
7-2013
7-2022
7-3005
7-3006
7-3010
7-3012
7-3016
7-3018
7-3030
7-3034
7-4001
7-4003
7-4012
7-5001
7-5006
7-5007
7-5009
7-5011
7-5013
7-5016
7-6001
7-6002
7-6008
7-6009
7-6012
7-6015
7-6017
7-6023
7-6027
7-6028
7-6029
7-6033
7-7002
7-7003
7-7006
7-7009
7-8002
7-9001
7-9004
7-9007
7-9008
7-9010
7-9015
7-9018
7-9023
7-9025
7-9026
7-9049
7-9050
7-9056
7-9060
7-9092
7-9094
